TAXON	CLADE_1	CLADE_2	CLADE_3	CLADE_4	CLADE_5
Taxon_1	-0.091608	0.010696	-4.56E-05	0.0088614	0.040699
Taxon_2	0.067906	-0.0052751	0.025758	0.040562	0.020723
Taxon_3	-0.062149	-0.091482	0.010069	-0.0021818	-0.013574
Taxon_4	-0.033787	-0.019671	0.05557	0.031027	-0.015655
Taxon_5	-0.063454	-0.0044058	0.013937	-0.0027297	0.022701
Taxon_6	-0.03895	-0.030895	0.032298	0.026523	0.030651
Taxon_7	-0.24627	0.20722	-0.0006044	-0.050978	0.015625
Taxon_8	-0.10526	0.018155	-0.010052	-0.0012574	0.036125
Taxon_9	-0.053897	0.0032502	0.0019489	-0.007168	0.0044309
Taxon_10	0.050618	0.0039353	0.024589	0.028562	0.08237
Taxon_11	0.32155	0.037399	-0.027171	-0.055966	-0.0029874
Taxon_12	0.13807	0.017821	0.054351	0.012273	0.015208
Taxon_13	0.088694	-0.0079877	0.087495	0.06637	-0.015864
Taxon_14	0.010651	-0.050788	0.035846	0.017678	0.00025959
Taxon_15	0.071089	0.0115	-0.019628	0.029401	0.02692
					
					
					
					
					
					
					
					
					
					
					
					
					
					
					
					
					
					
					
					
					
					
					
					
					
					
					
					
					
					
					
					
					
					
					
					
					
					
					
					
					
					
					
					
					
					
					
					
					
					
					
					
					
					
					
					
					
					
					
					
					
					
					
					
					
					
					
					
					
					
					
					
					
					
					
					
					
					
					
					
					
					
					
					
					
					
					
					
					
					
					
					
					
					
					
					
					
					
					
					
					
					
					
					
					
					
					
					
					
					
					
					
					
					
					
					
					
					
					
					
					
					
					
					
					
					
					
					
					
					
					
					
					
					
					
					
					
					
					
					
					
					
					
					
					
					
					
					
					
					
					
					
					
					
					
					
					
					
					
					
					
					
					
					
					
					
					
					
					
					
					
					
					
					
					
					
					
					
					
					
					
					
					
					
					
					
					
					
					
					
					
					
					
					
					
					
					
					
					
					
					
					
					
					
					
					
					
					
					
					
					
					
					
					
					
					
					
					
					
					
					
					
					
					
					
					
					
					
					
					
					
					
					
					
					
					
					
					
					
					
					
					
					
					
					
					
					
					
					
					
					
					
					
					
					
					
					
					
					
					
					
					
					
					
					
					
					
					
					
					
					
					
					
					
					
					
					
					
					
					
					
					
					
					
					
					
					
					
					
					
					
					
					
					
					
					
					
					
					
					
					
					
					
					
					
					
					
					
					
					
					
					
					
					
					
					
					
					
					
					
					
					
					
					
					
					
					
					
					
					
					
					
					
					
					
					
					
					
					
					
					
					
					
					
					
					
					
					
					
					
					
					
					
					
					
					
					
					
					
					
					
					
					
					
					
					
					
					
					
					
					
					
					
					
					
					
					
					
					
					
					
					
					
					
					
					
					
					
					
					
					
					
					
					
					
					
					
					
					
					
					
					
					
					
					
					
					
					
					
					
					
					
					
					
					
					
					
					
					
					
					
					